Issues,cs
1,1
3,4
2,6
2,8
1,9
1,10
1,11
1,12
1,13
1,14
1,15
1,16
2,18
1,19
1,20
2,22
1,23
1,24
1,25
1,26
1,27
1,28
1,29
1,30
1,31
1,32
1,33
3,36
1,37
1,38
2,40
1,41
2,43
1,44
3,47
1,48
1,49
1,50
1,51
1,52
1,53
2,55
1,56
1,57
1,58
1,59
6,65
6,71
2,73
2,75
2,77
4,81
2,83
2,85
2,87
2,89
2,91
2,93
2,95
2,97
4,101
4,105
2,107
2,109
6,115
2,117
2,119
2,121
2,123
2,125
4,129
2,131
4,135
2,137
2,139
4,143
2,145
2,147
4,151
4,155
2,157
2,159
2,161
2,163
1,1
3,4
7,11
7,18
4,22
4,26
2,165
3,29
3,32
1,33
1,34
3,37
4,41
6,47
1,48
5,53
5,58
2,60
2,167
3,63
1,64
4,68
2,70
2,169
3,73
2,2
5,78
2,4
4,82
4,8
2,84
1,9
5,89
2,171
3,12
1,13
6,19
2,91
2,173
6,25
1,92
2,94
1,95
1,26
1,96
3,29
2,98
8,37
1,99
2,175
4,41
3,102
2,177
2,43
1,103
9,52
2,105
1,106
1,107
2,179
2,54
1,108
2,56
1,109
6,62
5,114
8,70
1,115
7,77
3,118
7,84
2,120
1,85
2,122
4,89
3,92
2,124
4,96
7,131
3,99
5,136
4,103
6,142
4,107
11,153
3,110
2,155
1,111
1,112
1,156
4,116
7,163
4,120
4,167
3,123
7,174
2,125
10,184
2,181
4,188
1,126
4,130
4,192
8,189
6,198
3,133
2,200
2,191
4,137
2,202
2,139
2,141
1,203
6,209
2,143
4,213
4,195
6,149
2,215
4,199
8,157
3,218
2,201
7,164
1,219
2,203
4,168
2,221
1,169
4,225
4,173
1,226
6,179
5,231
6,209
2,181
3,234
2,211
2,236
4,215
3,184
3,239
1,185
1,240
2,187
3,190
9,249
3,252
2,217
5,195
2,254
10,205
4,258
4,221
1,206
4,262
7,213
2,264
2,215
8,272
7,222
2,274
2,223
4,226
1,227
1,275
1,228
2,277
2,225
2,230
1,278
1,231
1,279
2,233
1,280
2,235
3,283
6,241
2,227
3,244
7,290
2,229
16,260
12,302
5,265
2,304
2,267
4,308
4,233
1,268
6,314
5,273
4,318
6,279
2,235
3,282
6,324
2,237
8,290
8,332
2,239
5,295
10,342
4,346
2,297
4,350
1,298
2,352
6,245
6,304
2,354
14,318
8,362
6,324
12,374
4,249
2,326
14,388
2,328
2,390
16,344
4,394
16,360
24,418
8,368
8,426
2,251
12,380
4,430
2,253
4,384
2,432
2,434
10,394
4,438
2,255
20,414
10,448
6,420
6,454
4,424
8,462
4,428
4,466
2,257
4,432
2,468
4,436
6,442
8,476
8,450
4,480
10,460
8,488
2,259
12,472
2,490
8,480
4,494
4,484
2,496
2,486
2,498
14,500
2,500
